=== 8192 pages @ size 4096 ===
296
380
388
368
380
384
384
384
360
412
380
388
388
380
1192
376
368
384
360
408
308
372
312
380
308
376
436
376
432
376
420
320
380
308
380
432
332
312
416
376
376
1280
936
324
436
380
380
408
308
328
324
440
384
384
388
332
428
384
408
320
308
380
412
380
432
320
332
376
420
372
684
968
372
412
312
376
368
412
376
376
336
364
364
376
320
368
324
376
376
388
388
380
372
368
416
356
408
376
384
692
968
380
376
368
440
304
380
436
384
384
384
440
416
328
376
376
304
432
372
432
324
372
368
376
432
432
376
1096
416
376
376
304
384
436
332
408
368
304
376
384
364
332
376
384
384
384
372
308
384
372
384
408
384
312
380
324
1200
360
432
384
408
376
328
416
308
380
328
380
376
376
408
408
408
324
380
324
336
372
412
380
308
308
376
376
352
320
880
968
380
404
388
424
412
308
428
372
376
384
380
352
296
380
384
408
368
376
368
372
304
372
376
372
356
376
324
816
972
432
412
372
384
372
360
404
316
376
376
380
432
416
312
376
416
376
380
368
368
312
332
388
376
412
432
380
428
1084
412
408
372
428
372
380
332
328
328
408
368
408
312
388
376
316
332
376
384
376
384
384
360
432
376
328
352
760
964
380
360
324
412
376
376
408
420
416
432
372
368
416
384
408
380
412
320
376
376
376
376
324
332
384
376
380
436
316
564
436
324
308
432
332
360
376
384
324
388
304
376
312
368
372
416
380
388
380
412
372
384
380
364
316
376
308
408
432
964
380
376
300
368
384
380
300
376
324
428
308
380
324
332
304
408
300
408
436
372
376
436
376
384
308
308
384
304
360
1116
356
300
320
312
412
408
296
332
360
308
308
372
332
384
300
324
380
384
364
332
364
380
312
356
380
332
376
304
844
380
320
320
384
364
376
384
388
380
428
308
328
312
380
320
328
304
384
356
368
376
380
324
424
380
384
388
372
384
380
320
384
364
304
324
380
360
384
320
328
308
328
380
428
360
372
388
300
324
320
384
408
328
308
364
372
328
416
376
328
1248
308
380
380
404
320
384
380
384
324
380
308
376
324
304
296
384
304
324
364
372
308
304
304
376
388
312
384
372
308
412
304
376
828
304
332
312
380
380
420
380
384
384
384
316
300
316
416
320
336
376
364
304
420
316
356
364
368
300
300
384
408
384
332
408
384
384
372
304
324
352
356
368
316
336
308
332
368
372
356
332
352
384
408
436
368
320
432
364
324
380
364
376
328
320
768
316
316
384
332
328
380
384
324
300
384
332
320
416
384
372
324
352
332
356
316
308
308
308
316
300
320
316
376
1064
940
380
324
364
324
368
312
312
328
416
320
320
320
380
376
408
380
372
304
384
408
368
308
368
300
364
332
432
372
384
352
360
364
372
360
324
368
336
380
412
380
372
368
308
372
296
320
328
372
388
304
364
328
332
364
324
364
308
308
360
324
860
308
304
420
376
324
324
412
372
368
376
360
308
360
380
384
308
308
364
372
320
324
308
304
380
384
380
376
356
320
968
756
376
308
324
336
416
332
384
328
376
356
300
380
324
372
388
416
372
372
376
308
316
384
436
368
380
432
368
380
472
968
368
384
384
300
368
412
360
364
372
428
436
380
376
372
412
304
308
316
300
324
432
300
300
376
324
300
356
312
316
372
672
380
440
376
356
328
416
376
324
320
364
304
332
308
376
376
332
376
316
384
376
376
324
376
304
408
376
392
1052
968
380
364
332
380
380
308
312
416
332
376
324
324
316
308
408
380
308
364
388
356
376
324
356
360
440
320
384
304
624
328
392
316
376
332
364
308
308
368
380
372
420
376
320
372
380
356
428
364
376
304
308
404
372
320
364
300
356
300
356
732
352
384
304
332
332
300
312
352
304
296
364
360
332
356
376
320
416
296
388
320
436
432
388
324
424
408
304
372
308
376
836
804
368
304
412
328
364
384
356
328
304
360
368
304
372
416
384
304
332
432
380
380
380
328
336
312
376
380
300
380
384
440
356
356
328
324
308
368
380
388
376
320
428
360
384
380
328
308
376
332
328
376
368
384
328
328
328
384
364
384
376
732
384
420
316
308
376
376
300
384
384
384
316
384
376
376
380
380
332
380
352
324
376
384
384
432
300
380
328
368
300
424
384
308
380
432
372
324
436
376
316
380
368
372
432
304
368
604
380
384
364
328
300
316
304
324
376
372
304
304
316
308
332
324
356
368
308
300
408
412
300
372
408
368
380
304
372
416
388
408
328
308
380
356
304
324
376
308
380
328
408
300
432
360
376
412
324
384
380
300
336
324
312
316
384
356
300
376
308
304
364
408
364
388
372
356
380
572
628
332
384
380
436
384
376
308
336
380
376
372
324
356
432
380
380
376
356
328
380
304
384
332
368
364
376
356
360
380
1112
368
412
304
348
308
380
332
376
412
432
308
316
460
304
420
372
376
416
332
336
412
308
328
368
324
332
384
312
380
372
388
412
412
376
324
424
368
376
388
376
380
384
316
312
312
324
320
388
356
376
332
372
436
296
308
436
364
372
360
836
840
376
396
376
360
324
440
320
304
336
368
416
412
328
368
368
324
308
380
328
332
376
360
384
384
372
376
364
368
360
376
360
376
376
312
372
376
312
380
304
332
384
320
372
296
428
324
316
360
416
316
368
304
352
316
384
316
372
440
356
840
328
432
376
324
360
320
384
324
328
320
432
436
384
412
384
380
324
408
308
380
308
324
348
368
368
376
320
436
364
1096
412
328
332
304
328
328
428
304
432
412
364
412
308
356
336
380
320
420
424
408
380
372
304
408
436
328
304
444
304
316
452
1000
376
384
328
328
376
384
356
372
444
388
376
416
436
412
332
320
380
352
360
312
360
324
436
312
308
324
308
380
324
308
496
372
416
384
364
416
316
308
380
372
380
356
332
312
360
324
328
376
304
444
328
384
380
372
392
308
324
360
416
648
352
360
340
416
356
304
376
356
324
308
364
360
308
300
388
320
380
440
320
360
308
316
408
320
324
408
376
396
432
360
304
324
840
300
300
308
356
440
304
376
384
420
432
380
360
432
376
440
384
332
388
312
384
324
384
320
424
304
312
384
1124
336
384
396
372
376
420
304
432
408
380
364
356
308
304
412
448
408
316
304
372
424
360
372
324
304
412
372
328
368
944
1072
332
380
304
380
368
352
324
376
436
384
384
380
356
360
412
304
300
316
384
328
376
380
308
324
376
312
320
352
364
1312
340
428
448
380
300
356
408
380
368
420
360
324
352
376
388
376
372
364
304
440
308
372
320
384
432
376
380
872
416
372
360
308
360
372
336
332
372
376
364
372
432
320
432
364
312
320
328
356
360
360
368
312
412
416
364
412
308
368
532
416
368
324
304
436
452
432
328
308
312
364
356
372
436
308
304
308
380
404
360
376
312
304
384
372
372
372
432
412
1088
976
376
320
324
320
312
328
380
376
416
304
304
416
296
324
312
380
372
368
312
436
308
364
364
416
416
376
376
388
360
380
308
436
376
316
312
368
380
416
308
380
376
440
372
376
376
416
376
372
308
436
300
384
376
384
324
380
380
384
376
720
336
408
412
376
300
380
388
364
368
412
336
432
312
360
388
312
380
376
324
372
328
384
308
384
380
416
300
300
324
376
384
304
380
376
340
332
412
324
308
376
432
308
444
324
356
356
376
372
432
356
328
332
360
308
380
332
364
376
436
364
388
320
304
432
380
376
308
376
332
320
376
328
360
308
300
328
324
444
312
356
304
388
308
432
308
304
432
380
368
384
376
364
312
368
412
648
308
320
376
376
324
432
328
356
384
376
372
332
336
328
380
384
364
376
368
380
308
324
372
316
384
432
364
1168
908
316
320
300
376
376
304
308
360
356
376
300
372
308
416
332
432
372
428
380
384
356
332
304
380
408
376
324
308
788
972
320
324
416
324
412
388
368
380
376
404
424
300
384
372
376
308
376
360
376
428
320
368
372
380
316
376
372
1048
356
332
380
372
360
324
376
328
432
324
432
408
384
360
384
304
376
356
372
428
300
416
364
412
356
300
408
316
432
968
380
328
380
384
308
320
332
368
368
380
324
376
376
384
332
308
364
444
368
364
316
376
384
416
388
252
304
380
372
384
840
364
436
328
300
408
304
360
380
380
412
372
332
404
308
384
308
384
296
416
372
408
376
384
368
372
388
412
308
324
960
944
312
432
320
304
304
432
388
380
432
384
368
372
320
384
376
380
412
360
320
336
320
328
380
384
428
376
312
1140
360
360
384
440
368
324
356
408
376
404
300
376
300
364
336
360
336
384
380
384
320
364
308
360
380
320
324
304
376
308
716
376
376
360
308
376
372
384
380
408
416
380
364
308
360
420
408
304
332
312
364
336
432
380
308
324
324
444
324
320
308
332
316
312
324
364
432
324
376
308
376
356
408
304
308
384
308
428
356
388
388
324
380
364
372
432
384
376
384
332
384
384
868
420
308
328
324
384
432
388
364
420
388
340
356
432
380
408
356
332
356
308
308
376
372
300
304
300
384
372
372
324
332
832
776
380
384
368
308
324
316
300
304
360
380
304
416
296
376
380
380
356
324
324
372
372
328
360
384
312
360
428
356
888
936
364
380
384
332
384
360
336
432
360
316
368
324
300
332
304
356
420
376
372
372
804
376
376
352
376
376
372
308
320
408
384
324
388
308
376
360
312
308
380
332
328
308
440
332
292
360
380
384
304
380
316
856
308
404
376
384
384
364
332
304
376
372
328
304
428
420
332
316
388
432
352
300
312
380
380
304
380
436
376
328
336
356
416
328
388
384
408
332
416
376
9524
384
300
424
328
336
328
388
320
1036
372
372
376
332
416
308
320
300
420
384
436
432
428
376
408
376
328
380
376
356
376
368
424
436
376
404
380
408
380
356
308
372
308
304
352
376
368
360
384
324
384
304
408
380
324
424
332
408
304
412
380
372
300
428
380
376
356
376
884
968
308
304
324
308
376
384
364
332
328
384
436
356
376
324
352
324
380
324
388
256
324
308
384
380
380
372
384
352
964
968
432
336
304
308
304
408
428
436
300
328
364
372
304
432
308
384
380
384
376
376
308
320
308
328
356
316
320
380
840
360
424
320
376
336
336
308
308
304
364
368
376
436
376
384
364
376
384
376
372
312
360
320
408
384
356
308
368
372
372
372
324
644
380
428
372
360
324
348
368
372
416
384
300
312
380
372
324
384
376
368
388
384
304
300
312
432
328
388
316
368
824
768
252
312
320
300
328
300
376
408
388
328
296
372
332
308
312
304
416
372
256
332
384
372
360
356
440
428
320
376
356
440
436
412
368
436
332
416
376
332
320
412
336
328
416
380
388
316
380
300
424
304
324
364
364
408
412
364
300
408
380
380
384
432
380
416
416
332
412
380
432
360
412
380
356
252
380
412
320
304
300
356
384
336
380
416
376
380
336
324
420
408
252
372
408
364
304
380
376
380
380
432
380
376
328
416
408
384
412
368
328
292
384
316
372
256
332
432
412
404
376
376
352
972
928
408
304
328
432
388
384
376
352
372
320
408
408
404
308
372
312
364
380
416
412
412
308
304
436
384
368
384
724
300
432
408
420
408
328
316
328
324
384
368
364
376
384
304
388
304
372
412
420
332
380
376
376
376
324
356
436
336
308
712
376
408
380
424
356
384
408
436
436
304
336
384
360
436
360
384
360
320
380
364
372
408
380
376
408
376
384
420
376
388
372
424
388
384
380
428
376
384
380
428
384
416
376
376
432
376
372
416
380
432
384
388
380
408
376
376
412
380
428
640
376
380
412
408
376
376
380
376
432
376
376
376
436
412
376
372
428
380
424
376
384
384
436
372
384
380
428
380
972
972
376
388
416
412
384
380
408
384
436
372
384
320
432
372
380
372
412
376
376
380
380
432
384
416
376
380
1284
908
376
384
444
432
380
380
376
384
428
376
384
428
384
336
376
412
384
388
412
380
412
432
372
376
372
416
1048
944
432
412
376
380
408
408
380
436
324
380
380
408
380
376
368
428
384
388
380
380
408
432
380
420
384
380
1292
688
376
372
420
380
428
420
376
384
428
368
376
436
376
380
408
384
436
364
376
436
380
380
380
408
380
376
1032
904
376
380
364
412
328
324
416
372
380
384
436
384
380
428
384
368
412
428
376
432
376
376
408
436
380
376
1028
940
384
388
380
384
380
428
384
380
436
372
380
328
380
428
384
436
380
376
372
332
384
428
384
368
376
376
1220
944
384
424
388
428
388
380
416
324
380
408
384
372
412
384
384
388
432
376
440
376
380
380
408
408
372
376
412
440
376
384
440
376
380
372
376
384
432
428
384
380
376
380
372
376
432
384
376
440
384
416
384
376
412
388
376
428
952
972
428
412
376
408
380
380
404
408
380
380
412
420
380
372
428
384
424
372
384
424
388
380
380
372
384
432
1012
928
380
380
416
388
380
432
384
408
384
376
412
380
372
432
384
432
372
372
408
384
432
372
380
384
420
416
980
968
376
376
372
372
416
416
388
372
384
376
432
376
444
372
376
376
312
436
380
376
408
412
384
380
444
408
1164
944
412
360
376
408
312
376
408
384
372
428
384
420
384
384
420
380
440
368
380
384
412
420
380
440
384
376
1128
944
424
380
384
432
380
380
376
416
384
392
416
380
388
380
432
436
376
376
372
372
380
376
436
408
376
372
1060
932
440
368
376
384
428
376
336
372
380
384
432
380
408
408
376
428
384
376
376
368
380
376
436
416
384
376
1140
600
376
376
380
372
432
416
372
380
372
436
380
384
436
380
328
412
372
380
420
376
436
376
376
376
380
376
1128
932
360
412
376
372
388
392
432
408
372
416
372
380
412
376
368
428
384
372
384
380
432
412
380
376
408
384
416
460
376
376
408
408
380
432
380
376
368
380
428
380
380
376
372
440
380
376
384
384
432
380
432
376
336
372
380
376
856
924
380
376
408
384
372
444
384
380
372
440
380
376
380
388
436
424
380
388
384
380
368
436
380
384
432
368
1032
936
380
376
372
380
416
412
376
372
432
420
380
380
412
428
376
380
412
416
384
376
412
404
376
384
436
372
992
968
436
372
376
384
412
416
376
384
424
380
388
376
432
408
380
448
380
376
368
408
372
384
416
384
376
424
984
972
376
376
436
432
384
388
380
420
384
376
412
428
376
372
380
376
436
368
376
380
388
380
432
308
384
328
1240
944
416
412
388
384
384
388
436
384
440
372
380
380
384
380
428
376
428
384
384
368
376
376
440
408
376
376
1032
940
384
376
408
376
380
380
432
436
376
376
412
380
432
372
384
408
376
380
368
440
316
376
412
380
376
440
872
972
360
408
376
384
416
408
372
376
432
372
380
300
416
372
380
368
380
380
432
384
384
384
428
412
372
376
1168
928
376
376
408
384
408
404
376
384
372
436
436
380
384
376
412
432
376
380
376
424
380
416
376
380
408
380
412
412
376
376
372
436
380
432
384
380
376
368
380
380
432
356
376
376
372
376
380
384
436
432
384
384
376
296
416
420
1056
940
384
376
416
372
384
384
432
412
388
372
408
424
376
368
416
408
384
380
412
376
380
408
376
384
420
416
992
972
380
380
376
380
384
376
412
428
380
376
372
376
420
428
380
412
376
372
424
436
376
376
420
408
376
380
1100
940
436
372
384
380
372
440
320
428
376
372
412
368
376
372
408
416
388
372
412
380
368
436
380
384
416
408
1160
940
412
440
376
424
372
372
416
408
376
372
440
384
428
380
384
432
388
380
376
428
380
380
376
412
376
376
980
972
376
432
384
384
416
416
376
416
376
376
428
372
408
376
380
372
380
380
436
376
376
408
376
428
376
376
1056
940
376
376
408
368
380
380
432
364
380
380
428
376
376
372
420
376
384
420
380
424
384
388
408
372
412
372
992
968
376
372
420
372
384
376
436
376
388
384
428
372
416
428
372
372
412
428
376
376
444
368
376
428
384
384
1032
940
404
408
376
428
388
384
372
380
372
436
380
380
372
412
384
376
416
376
432
412
380
388
380
424
384
376
384
392
436
376
408
412
380
428
384
380
380
428
376
376
412
368
384
380
436
376
380
380
440
436
372
376
380
416
376
376
884
968
412
420
340
368
416
412
376
380
436
372
380
412
380
384
416
384
412
416
376
392
432
380
384
384
380
428
1024
940
380
372
372
436
380
376
376
380
420
412
388
412
384
372
424
424
380
380
388
376
436
404
376
420
372
376
1004
944
384
372
416
380
428
372
388
384
416
408
376
416
384
384
416
376
368
412
376
384
372
440
388
428
372
376
1080
940
380
372
372
380
408
436
372
408
380
376
408
408
376
380
412
380
380
428
384
380
412
420
384
372
412
404
1104
944
380
376
436
368
376
376
444
412
372
384
408
388
408
408
376
440
380
384
372
436
380
380
372
380
432
372
1036
940
380
376
412
432
376
384
380
380
408
352
380
432
324
388
372
372
436
416
376
380
440
372
380
380
372
372
1008
944
372
436
380
380
428
380
376
372
380
372
416
412
376
380
432
372
380
380
432
376
412
420
384
376
436
368
1040
940
380
372
376
372
416
424
376
376
404
412
376
384
412
436
384
376
368
416
376
384
420
372
384
380
436
380
420
416
376
368
384
376
432
436
384
376
372
376
432
364
384
372
376
436
380
368
380
412
380
412
372
380
420
380
372
376
1032
932
380
376
372
372
416
380
372
380
412
412
376
372
380
376
436
424
380
384
380
372
384
376
364
380
440
368
1188
944
388
384
428
376
376
416
372
384
440
372
384
412
380
380
416
372
388
384
428
408
380
376
408
376
412
416
992
972
436
368
376
384
420
408
376
364
380
376
372
372
380
380
436
368
384
376
432
388
376
424
380
436
384
380
1060
936
404
412
380
432
380
376
372
416
384
368
420
376
408
408
376
368
424
380
372
376
436
380
368
368
376
376
1168
944
384
428
384
368
376
416
376
384
432
376
384
436
376
376
408
384
428
376
384
368
380
376
404
368
384
384
1128
940
420
412
372
384
420
420
376
416
328
388
416
380
380
424
380
384
436
372
376
376
432
412
372
428
380
384
880
912
380
380
408
428
376
376
412
384
428
384
388
436
380
380
372
408
384
376
408
424
380
376
380
412
380
380
1040
928
368
408
376
376
412
408
380
376
420
408
388
432
1212
384
420
412
388
384
416
408
384
372
376
432
376
372
384
380
432
424
384
384
376
412
380
380
408
408
392
372
416
384
376
376
416
408
372
384
412
380
408
404
376
376
412
428
372
380
408
416
388
384
432
724
384
440
380
380
372
384
408
416
392
432
376
380
372
376
432
416
372
380
432
368
380
384
432
372
380
376
408
408
912
972
408
416
384
380
424
380
388
376
384
384
424
428
380
384
380
432
380
376
372
380
364
436
384
416
380
372
1092
932
408
408
384
436
380
376
412
376
408
432
376
372
388
376
436
436
372
372
376
432
380
380
372
376
380
388
1044
944
432
416
376
376
416
432
380
380
436
364
380
424
376
376
420
364
376
372
432
312
328
380
432
376
420
372
1124
940
376
384
412
384
380
432
388
376
432
368
380
380
376
376
420
416
376
380
416
384
376
428
388
380
436
368
1044
940
328
384
420
376
408
420
384
412
376
376
408
384
436
372
384
376
412
380
372
372
432
420
376
376
408
408
952
968
412
420
384
376
384
380
436
380
408
416
384
416
384
380
408
412
376
420
420
388
432
376
392
376
408
404
908
968
384
384
428
412
384
380
412
408
380
412
384
376
408
384
384
424
380
404
376
380
412
384
432
384
380
420
376
472
384
384
384
432
384
380
388
384
428
380
376
376
420
376
372
436
376
420
372
384
420
380
436
380
388
428
384
384
984
972
384
380
412
376
408
404
380
436
380
376
376
432
384
380
384
376
416
428
376
376
408
408
380
376
412
408
1100
940
376
372
432
376
432
408
380
380
372
424
380
384
380
424
384
416
380
384
416
376
440
372
376
384
376
428
1056
940
388
380
372
380
416
424
376
384
384
384
436
376
372
408
380
368
376
376
432
376
376
436
376
372
412
384
1108
940
432
380
380
372
380
416
376
416
376
376
412
368
380
380
436
428
324
380
384
380
380
420
368
432
380
376
1136
932
412
368
372
376
444
372
384
372
388
380
428
380
412
376
372
384
368
436
384
408
388
376
408
312
376
372
1196
944
384
384
376
384
416
416
384
372
380
380
432
380
372
412
376
380
376
440
384
416
380
376
416
388
428
384
968
972
436
380
380
412
384
376
432
416
384
376
416
384
372
432
268
380
436
368
380
384
420
416
372
380
428
380
1096
940
312
376
372
384
436
372
388
416
376
412
376
380
408
372
432
364
380
384
404
408
376
380
440
372
384
368
376
708
432
308
376
372
412
408
376
376
408
428
384
384
380
428
384
384
384
376
376
440
384
372
376
424
376
428
384
388
1084
932
380
376
372
408
380
376
372
380
384
384
432
376
376
420
380
384
368
428
380
432
376
380
372
436
380
384
1144
936
380
380
428
388
432
372
380
372
376
384
440
432
376
376
412
408
380
376
408
384
380
428
380
380
408
408
1116
936
384
388
380
424
372
372
412
408
380
376
372
384
416
412
376
372
436
408
376
416
376
372
380
380
436
372
1064
944
376
376
408
372
376
420
372
420
380
380
412
376
372
436
384
368
412
416
384
376
376
380
412
376
412
376
1208
928
380
376
432
380
380
424
380
380
384
380
432
384
384
388
432
404
376
376
416
428
372
376
380
412
372
376
1080
936
412
420
376
380
368
436
380
436
384
380
372
408
376
376
376
408
380
380
432
384
416
412
376
416
280
384
1104
940
436
372
376
380
372
376
432
420
280
376
420
376
380
416
376
428
372
372
416
404
372
384
408
376
372
416
1152
940
416
372
372
384
368
428
384
388
384
428
384
416
384
412
376
376
408
376
404
412
384
424
376
384
412
424
388
380
380
416
368
380
412
384
436
380
384
368
376
384
432
416
376
384
416
380
376
436
380
432
380
384
384
428
376
376
904
928
384
384
428
408
376
380
404
384
440
368
384
380
432
376
384
376
424
380
368
388
376
428
384
412
376
372
1036
936
376
412
380
412
384
376
408
380
376
372
428
380
408
408
380
384
404
408
376
440
384
376
368
376
384
384
1112
940
376
376
372
384
372
432
380
372
388
380
440
424
384
380
380
412
380
384
412
372
376
416
372
376
432
372
1112
932
388
384
368
380
416
416
380
380
384
388
432
408
376
384
408
380
408
376
376
372
384
380
432
380
408
404
1136
932
372
428
380
372
412
376
376
380
376
436
384
368
380
384
432
412
380
384
408
376
416
432
372
420
388
376
1096
936
376
376
416
408
376
372
380
380
436
372
372
380
440
368
380
408
376
380
372
428
384
384
380
380
436
372
980
972
404
372
376
432
388
384
372
372
380
376
436
372
432
416
376
408
380
380
408
412
384
384
420
376
376
416
1012
936
432
412
372
384
384
428
384
376
412
408
376
376
384
408
380
376
412
416
380
372
420
376
384
384
432
368
408
496
380
436
380
376
380
376
408
376
380
388
408
416
388
380
436
372
376
372
380
1176
440
428
384
384
380
376
412
440
380
428
380
372
380
384
424
384
384
436
376
380
368
412
368
384
412
384
432
408
836
840
384
372
416
372
420
416
384
408
380
376
412
380
432
372
384
372
412
416
384
372
432
380
372
408
372
384
1068
932
380
376
376
368
376
380
440
416
376
380
416
376
368
432
380
376
388
384
432
368
376
380
408
380
432
380
1136
940
412
432
372
412
372
376
376
416
384
372
412
376
412
376
376
416
376
392
420
372
380
380
432
376
412
412
1088
944
376
376
372
412
372
376
436
432
380
376
372
372
376
424
380
372
408
376
380
372
420
412
384
408
380
380
1144
932
376
376
432
376
376
380
428
380
384
380
432
380
432
372
384
376
416
372
376
432
380
388
376
372
376
376
1144
944
388
376
368
380
428
380
384
416
368
384
416
432
376
380
376
380
388
428
384
376
436
372
380
368
376
416
1172
940
380
372
372
384
432
376
388
408
380
376
412
368
380
376
440
372
372
380
440
372
420
412
372
368
412
432
380
632
364
384
420
412
384
384
420
416
388
432
380
384
376
408
380
380
376
440
380
380
372
376
384
384
432
384
380
428
1180
936
380
432
384
372
428
420
368
380
440
372
384
408
376
376
372
436
384
376
368
384
388
424
376
380
440
372
1188
928
380
432
380
416
376
384
416
372
436
380
376
384
432
376
384
380
440
412
380
380
412
372
372
384
436
372
1208
940
436
376
384
368
428
380
372
376
416
408
376
432
388
376
364
368
384
376
436
384
408
408
376
416
384
372
1152
936
416
412
376
444
376
380
372
380
384
388
432
412
380
376
412
372
380
384
432
384
408
416
388
384
436
376
1176
940
376
372
428
380
436
368
384
376
440
372
380
416
376
380
412
372
416
416
384
432
388
380
380
408
376
372
1144
932
388
388
432
376
384
380
432
384
380
436
384
372
372
412
376
372
380
376
412
388
388
428
380
380
432
380
1220
936
280
388
428
380
396
384
428
376
388
384
428
432
388
376
364
376
368
436
384
372
436
416
372
372
376
384
1112
928
376
372
432
384
392
384
432
388
436
372
380
376
416
380
372
420
384
372
416
412
392
376
412
380
372
376
432
384
376
432
380
376
372
368
376
380
436
384
428
376
384
372
416
416
384
384
384
432
384
428
376
376
412
376
416
416
900
972
376
376
376
384
368
432
380
436
376
388
368
416
372
372
384
432
380
380
372
376
416
408
384
380
408
412
1076
944
376
384
416
376
372
432
380
308
272
388
432
376
408
420
388
388
416
412
384
380
368
432
384
380
440
368
1164
928
380
372
376
384
436
368
384
432
376
372
412
392
384
428
384
376
416
412
384
416
384
376
416
404
372
376
376
432
388
384
376
380
368
432
388
408
372
376
372
384
436
1024
388
412
380
380
416
404
376
380
408
432
384
372
372
436
380
380
376
432
376
376
412
416
380
380
412
380
380
432
884
972
384
388
432
420
384
376
420
372
368
408
380
424
384
380
380
408
380
380
412
376
444
372
376
372
364
436
1044
928
380
372
372
384
416
412
384
376
432
420
380
384
424
380
384
372
428
380
372
372
364
440
384
384
432
372
900
972
388
376
372
424
380
380
380
372
380
380
436
436
380
376
376
412
384
372
416
372
380
376
412
384
372
436
1104
944
388
376
376
376
440
368
384
428
384
416
388
376
412
432
388
384
384
412
380
376
372
384
404
404
380
376
380
428
432
432
384
376
372
416
380
376
412
412
372
376
432
372
408
436
376
432
380
384
384
380
412
432
376
380
384
380
896
924
408
416
384
376
420
376
372
428
376
372
416
412
376
380
416
384
384
432
384
368
380
380
432
380
432
376
992
968
380
384
380
376
436
364
380
376
408
436
380
416
388
376
416
372
384
384
432
380
432
376
384
380
384
424
1020
932
380
376
408
440
388
376
368
412
384
380
372
376
432
372
376
376
428
380
388
376
380
428
372
424
376
376
1080
944
432
380
384
408
380
384
420
380
376
428
384
380
408
408
376
372
372
432
376
408
384
376
408
408
380
380
1008
940
416
416
384
412
380
376
432
428
384
380
384
436
384
376
372
384
404
408
376
384
428
380
384
380
436
380
960
964
432
372
376
368
376
416
376
384
372
428
376
432
384
384
376
376
440
372
380
416
376
384
412
376
388
384
1124
940
416
372
380
376
424
416
372
376
372
432
380
384
380
424
376
384
432
384
388
372
376
380
436
380
412
372
1164
936
432
372
376
416
372
388
412
436
376
416
372
372
432
384
368
428
380
372
384
424
376
376
388
384
432
432
376
492
376
428
380
384
384
380
436
372
384
384
412
416
380
436
384
384
404
408
376
376
428
380
416
376
380
380
436
372
384
412
384
984
416
380
424
376
384
380
384
380
432
384
380
428
384
380
364
408
376
432
380
380
372
380
368
412
376
384
432
372
1068
932
376
376
408
388
428
384
392
384
388
384
432
436
380
388
376
380
372
432
380
384
384
432
384
368
376
380
1132
928
384
388
380
376
372
372
416
368
380
384
436
384
432
384
388
432
376
372
376
412
388
384
420
416
372
384
1076
940
408
376
376
372
408
416
380
364
376
384
440
380
376
432
384
380
428
412
376
432
376
368
424
416
376
376
1116
940
380
384
380
412
372
384
416
384
436
372
380
380
408
412
376
384
412
416
388
384
380
424
384
436
380
376
1040
932
376
376
420
380
428
372
392
372
380
376
436
376
368
440
388
384
408
420
380
436
380
384
372
372
416
380
1164
804
436
372
380
384
424
376
384
372
376
376
436
428
384
388
372
380
380
428
384
376
364
432
388
376
368
412
1068
936
408
376
376
388
432
372
380
380
432
372
432
412
372
412
376
376
404
408
380
376
408
384
420
408
376
428
380
384
376
376
432
368
380
376
388
384
428
376
384
384
428
416
376
384
412
368
380
376
432
380
380
428
388
380
404
416
972
972
384
380
380
436
384
376
364
424
380
376
376
376
416
412
384
376
372
432
380
412
376
372
408
380
428
388
1092
936
384
372
412
380
440
372
372
432
384
384
372
388
376
440
384
376
368
440
380
372
384
424
372
436
380
376
1036
936
384
384
436
372
384
380
432
412
384
380
408
408
376
376
408
380
368
440
380
384
376
428
380
376
380
380
1064
940
380
384
376
420
376
384
412
408
380
376
440
432
380
380
376
432
384
376
368
384
372
436
388
428
376
380
1032
940
380
380
436
416
388
380
416
408
388
380
408
376
376
380
440
376
408
408
376
372
380
412
376
376
380
380
1084
928
412
416
380
376
416
376
376
384
376
376
412
380
376
436
376
432
388
388
372
416
280
380
416
384
428
376
1100
944
392
380
408
416
388
372
412
384
416
408
380
368
376
380
436
436
380
376
372
380
412
404
372
436
388
384
992
968
384
384
432
384
432
376
384
428
384
376
428
372
388
412
372
376
408
408
380
376
372
368
372
376
436
428
368
396
376
384
372
436
380
372
408
412
384
408
380
380
412
408
380
376
420
428
384
380
384
376
376
384
440
416
380
384
892
972
420
412
384
384
380
428
388
424
380
384
384
384
428
376
380
380
408
432
376
384
424
372
384
372
376
372
1052
924
384
388
428
376
384
384
424
380
376
436
380
432
380
380
372
384
412
408
376
380
444
372
384
408
372
376
1072
940
380
432
388
384
412
416
372
436
380
376
412
432
376
380
372
408
376
380
412
376
384
380
440
384
384
376
1004
936
436
372
376
408
380
380
408
372
384
380
428
420
380
368
416
428
376
376
372
428
380
384
380
424
372
372
1036
940
364
432
384
428
376
388
376
384
428
376
384
384
384
392
432
372
384
380
432
380
368
408
380
408
380
372
1104
944
380
376
432
376
404
436
376
428
380
380
384
412
380
380
412
368
376
376
436
428
384
380
376
368
376
380
1036
936
412
420
384
376
404
408
380
384
376
428
384
384
380
428
380
416
372
372
380
376
380
380
440
376
416
412
1008
944
388
376
372
384
432
368
388
368
376
380
408
368
376
420
376
376
428
424
384
376
380
432
384
380
372
376
420
496
376
376
376
368
416
384
440
372
376
432
384
388
376
380
380
372
420
372
380
376
412
436
384
376
372
416
376
372
1124
944
384
376
372
376
372
416
376
380
432
372
376
376
388
384
432
428
384
380
376
420
384
384
416
416
376
376
1128
944
384
376
408
372
380
380
432
248
280
380
428
384
444
368
380
428
380
388
372
408
372
372
440
384
428
376
1260
944
372
436
380
384
380
432
388
380
416
416
384
408
380
376
404
424
388
376
416
376
372
404
376
376
388
384
988
972
376
376
412
384
384
432
380
372
384
380
432
420
380
388
416
376
412
412
380
380
384
380
424
380
372
440
972
972
432
368
376
380
440
368
372
388
380
424
376
372
372
436
376
428
376
376
424
380
412
408
384
368
376
384
1080
940
384
380
376
436
384
380
368
372
372
436
380
384
384
428
384
432
376
376
368
372
376
376
432
412
376
372
992
968
408
412
384
376
380
432
372
408
388
384
408
384
372
436
384
408
376
372
436
416
384
376
412
412
380
384
996
968
436
368
376
376
384
384
432
384
380
376
376
380
1260
384
432
368
380
380
368
432
388
376
436
368
380
376
408
408
384
376
420
380
376
372
388
540
432
436
380
376
372
376
372
436
376
412
376
372
384
384
412
416
380
412
376
376
432
384
372
436
384
380
372
1256
376
384
376
424
388
416
384
372
412
380
372
440
380
380
436
376
380
432
376
372
384
380
408
404
380
380
372
436
944
968
384
388
416
408
384
380
412
392
376
424
388
416
372
380
420
380
432
368
380
376
408
428
380
376
428
376
992
972
420
412
384
432
384
380
368
380
436
372
380
412
376
372
436
384
372
436
380
408
376
376
372
372
384
376
1096
936
376
376
384
384
384
428
380
376
380
388
428
376
408
376
376
376
408
408
384
380
432
372
384
380
368
432
1108
940
408
416
388
404
372
380
408
376
372
376
412
424
384
384
380
420
372
384
412
372
380
380
408
372
380
376
1100
940
416
416
380
376
380
380
428
408
372
376
436
384
416
416
376
428
376
384
380
372
384
384
432
380
432
376
924
972
388
376
368
376
408
372
376
372
424
412
376
372
428
420
372
380
408
372
380
376
428
376
384
436
380
380
1084
936
384
388
384
384
428
384
380
432
384
408
380
376
372
376
440
368
380
408
376
380
372
368
380
384
436
376
416
476
384
432
380
384
380
388
376
428
380
380
436
372
372
380
408
408
380
388
436
372
384
380
368
432
388
432
380
372
932
968
376
380
368
384
412
408
376
384
376
428
380
384
436
372
376
384
412
420
376
384
412
408
380
376
384
380
1064
940
380
424
380
376
384
384
424
372
380
416
376
432
376
372
404
380
388
380
432
440
388
376
368
412
384
384
1024
944
380
372
408
380
388
380
424
384
440
372
384
372
376
380
436
420
280
376
412
428
376
380
368
376
384
424
1120
944
436
368
376
376
384
388
428
384
380
428
384
372
412
424
372
368
376
380
440
436
380
376
376
432
380
384
1000
932
280
384
428
372
420
380
372
380
372
440
384
428
376
376
420
380
384
432
384
376
372
428
384
384
380
428
1076
928
380
376
372
372
380
376
408
432
384
376
372
372
384
380
432
388
416
416
372
384
416
416
372
432
380
380
1068
932
380
432
380
428
384
388
384
252
372
376
420
384
384
428
380
384
388
384
432
416
372
388
412
372
372
440
1224
928
376
372
428
440
380
436
384
380
372
372
428
380
376
384
424
380
384
368
376
380
432
436
376
380
368
428
384
420
380
408
380
376
372
380
416
408
384
376
408
408
384
384
416
420
380
384
436
372
380
376
416
428
376
376
432
368
912
928
380
376
408
384
384
384
432
388
380
432
380
380
372
436
380
412
384
376
416
376
408
408
380
376
416
436
960
968
412
376
376
364
376
380
436
408
388
388
416
372
380
432
376
372
428
412
376
412
384
372
416
412
384
376
1024
940
376
436
380
384
380
432
384
436
372
380
372
408
380
384
416
412
380
372
408
380
380
380
428
408
376
376
1016
936
416
416
380
376
368
412
376
388
380
428
376
380
412
416
384
372
384
380
436
380
384
384
432
380
440
408
956
972
432
376
376
408
380
380
408
376
412
416
372
420
384
372
416
416
376
384
412
380
436
368
380
408
380
376
1028
940
432
384
388
380
428
384
384
432
376
376
372
424
384
380
376
376
416
432
376
368
380
380
436
388
380
432
876
912
380
376
372
372
432
372
376
432
384
376
376
376
428
412
376
384
428
376
384
408
384
380
408
416
376
384
1088
944
380
376
432
376
372
248
376
372
412
384
384
428
384
428
384
380
372
380
440
372
384
376
408
408
380
388
376
656
380
432
384
380
368
428
380
376
408
384
436
364
380
380
440
372
380
380
420
412
372
368
412
408
384
436
384
380
936
972
388
384
428
436
384
376
372
416
384
388
416
408
376
372
428
376
432
372
376
440
380
380
372
372
376
376
1068
944
384
384
404
384
376
300
380
408
380
384
372
412
376
384
412
376
380
252
412
372
380
384
428
372
412
416
384
376
368
300
384
408
380
376
436
408
384
380
404
380
372
432
376
416
376
380
380
380
428
380
384
376
380
380
432
364
376
784
432
372
384
384
436
376
404
432
372
408
380
376
436
376
376
436
380
380
412
408
384
416
380
376
416
384
380
424
904
928
412
372
376
372
412
380
376
376
376
416
372
384
432
376
380
376
432
412
372
380
376
372
432
380
388
244
272
408
296
376
380
376
248
416
296
272
304
280
300
376
432
380
380
288
436
276
264
300
432
380
384
376
368
432
304
252
244
240
288
292
504
312
408
292
272
376
376
248
412
376
304
292
412
432
276
384
388
380
380
312
244
412
380
376
272
300
248
428
388
408
276
384
244
372
548
432
380
252
376
252
408
380
256
264
276
272
376
376
384
432
388
248
244
384
280
272
432
304
380
372
308
272
316
272
252
292
384
376
516
412
292
268
388
380
372
292
292
296
260
272
384
428
384
256
252
268
244
288
292
380
316
296
408
416
